Step	Training Loss
1	19.577100
2	19.906000
3	8.553600
4	7.746600
5	1.800700
6	4.625500
7	3.762200
8	0.391300
9	1.749300
10	0.346300
11	0.828200
12	0.467700
13	0.215800
14	0.181200
15	0.169000
16	0.212500
17	0.138300
18	0.023600
19	1.021700
20	0.394900
21	0.277500
22	0.185200
23	0.347700
24	0.189400
25	0.169100
26	0.147500
27	0.302700
28	0.176500
29	0.212900
30	0.174500
31	0.152100
32	0.157500
33	0.160700
34	0.156800
35	0.152100
36	0.122100
37	0.127100
38	0.117400
39	0.086700
40	0.190700
41	0.181500
42	0.007300
43	0.090800
44	0.040100
45	0.009800
46	0.001200
47	0.000200
48	0.582400
49	0.395900
50	0.675600
51	0.000900
52	0.518000
53	0.000600
54	0.001200
55	0.000200
56	0.000300
57	0.000100
58	0.000400
59	0.365200
60	0.000100